0000000000000000000000000000000000000000000000000000000000
1111111111111111111111111111111111111111111111111111111111
2222222222222222222222222222222222222222222222222222222222
3333333333333333333333333333333333333333333333333333333333
4444444444444444444444444444444444444444444444444444444444
5555555555555555555555555555555555555555555555555555555555
6666666666666666666666666666666666666666666666666666666666
7777777777777777777777777777777777777777777777777777777777
8888888888888888888888888888888888888888000000000000000000
0000000000000000000000000000000000000000111111111111111111
1111111111111111111111111111111111111111222222222222222222
3333333333333333333333333333333333333333333333333333333333
4444444444444444444444444444444444444444444444444444444444
5555555555555555555555555555555555555555555555555555555555
6666666666666666666666666666666666666666666666666666666666
7777777777777777777777777777777777777777777777777777777777
1111111111111111111111111111111111111111111111111111111111
11111111111111111111